5
5 3
1 2
3 4
2 5
30 3
10 11
10 10
11 11
10 4
1 8
4 5
3 6
2 7
1000000 300
496668 501667
495002 503334
493336 505001
491670 506668
490004 508335
488338 510002
486672 511669
485006 513336
483340 515003
481674 516670
480008 518337
478342 520004
476676 521671
475010 523338
473344 525005
471678 526672
470012 528339
468346 530006
466680 531673
465014 533340
463348 535007
461682 536674
460016 538341
458350 540008
456684 541675
455018 543342
453352 545009
451686 546676
450020 548343
448354 550010
446688 551677
445022 553344
443356 555011
441690 556678
440024 558345
438358 560012
436692 561679
435026 563346
433360 565013
431694 566680
430028 568347
428362 570014
426696 571681
425030 573348
423364 575015
421698 576682
420032 578349
418366 580016
416700 581683
415034 583350
413368 585017
411702 586684
410036 588351
408370 590018
406704 591685
405038 593352
403372 595019
401706 596686
400040 598353
398374 600020
396708 601687
395042 603354
393376 605021
391710 606688
390044 608355
388378 610022
386712 611689
385046 613356
383380 615023
381714 616690
380048 618357
378382 620024
376716 621691
375050 623358
373384 625025
371718 626692
370052 628359
368386 630026
366720 631693
365054 633360
363388 635027
361722 636694
360056 638361
358390 640028
356724 641695
355058 643362
353392 645029
351726 646696
350060 648363
348394 650030
346728 651697
345062 653364
343396 655031
341730 656698
340064 658365
338398 660032
336732 661699
335066 663366
333400 665033
331734 666700
330068 668367
328402 670034
326736 671701
325070 673368
323404 675035
321738 676702
320072 678369
318406 680036
316740 681703
315074 683370
313408 685037
311742 686704
310076 688371
308410 690038
306744 691705
305078 693372
303412 695039
301746 696706
300080 698373
298414 700040
296748 701707
295082 703374
293416 705041
291750 706708
290084 708375
288418 710042
286752 711709
285086 713376
283420 715043
281754 716710
280088 718377
278422 720044
276756 721711
275090 723378
273424 725045
271758 726712
270092 728379
268426 730046
266760 731713
265094 733380
263428 735047
261762 736714
260096 738381
258430 740048
256764 741715
255098 743382
253432 745049
251766 746716
250100 748383
248434 750050
246768 751717
245102 753384
243436 755051
241770 756718
240104 758385
238438 760052
236772 761719
235106 763386
233440 765053
231774 766720
230108 768387
228442 770054
226776 771721
225110 773388
223444 775055
221778 776722
220112 778389
218446 780056
216780 781723
215114 783390
213448 785057
211782 786724
210116 788391
208450 790058
206784 791725
205118 793392
203452 795059
201786 796726
200120 798393
198454 800060
196788 801727
195122 803394
193456 805061
191790 806728
190124 808395
188458 810062
186792 811729
185126 813396
183460 815063
181794 816730
180128 818397
178462 820064
176796 821731
175130 823398
173464 825065
171798 826732
170132 828399
168466 830066
166800 831733
165134 833400
163468 835067
161802 836734
160136 838401
158470 840068
156804 841735
155138 843402
153472 845069
151806 846736
150140 848403
148474 850070
146808 851737
145142 853404
143476 855071
141810 856738
140144 858405
138478 860072
136812 861739
135146 863406
133480 865073
131814 866740
130148 868407
128482 870074
126816 871741
125150 873408
123484 875075
121818 876742
120152 878409
118486 880076
116820 881743
115154 883410
113488 885077
111822 886744
110156 888411
108490 890078
106824 891745
105158 893412
103492 895079
101826 896746
100160 898413
98494 900080
96828 901747
95162 903414
93496 905081
91830 906748
90164 908415
88498 910082
86832 911749
85166 913416
83500 915083
81834 916750
80168 918417
78502 920084
76836 921751
75170 923418
73504 925085
71838 926752
70172 928419
68506 930086
66840 931753
65174 933420
63508 935087
61842 936754
60176 938421
58510 940088
56844 941755
55178 943422
53512 945089
51846 946756
50180 948423
48514 950090
46848 951757
45182 953424
43516 955091
41850 956758
40184 958425
38518 960092
36852 961759
35186 963426
33520 965093
31854 966760
30188 968427
28522 970094
26856 971761
25190 973428
23524 975095
21858 976762
20192 978429
18526 980096
16860 981763
15194 983430
13528 985097
11862 986764
10196 988431
8530 990098
6864 991765
5198 993432
3532 995099
1866 996766
200 998433
0 1000000
1000000 280
0 2437
2437 6298
6298 8497
8497 10515
10515 13820
13820 18079
18079 21987
21987 25981
25981 29794
29794 34514
34514 38838
38838 42612
42612 46042
46042 48473
48473 51168
51168 55747
55747 58125
58125 62822
62822 66601
66601 69615
69615 73210
73210 77339
77339 82197
82197 85555
85555 88792
88792 91013
91013 92873
92873 97286
97286 100295
100295 103113
103113 107506
107506 111833
111833 116335
116335 121086
121086 122826
122826 124928
124928 129889
129889 132164
132164 136415
136415 140623
140623 144473
144473 146520
146520 151422
151422 153512
153512 155950
155950 160859
160859 165705
165705 170448
170448 174488
174488 178029
178029 180882
180882 185204
185204 188016
188016 189945
189945 194604
194604 197647
197647 202351
202351 206548
206548 209014
209014 212431
212431 216498
216498 221052
221052 222886
222886 226238
226238 228142
228142 232094
232094 234286
234286 237479
237479 240441
240441 243747
243747 248205
248205 253066
253066 255758
255758 257610
257610 259853
259853 264175
264175 267223
267223 271205
271205 276015
276015 277948
277948 279939
279939 284298
284298 286352
286352 289543
289543 292400
292400 294493
294493 298866
298866 302675
302675 304777
304777 306661
306661 309889
309889 312176
312176 316976
316976 320136
320136 323274
323274 326812
326812 329044
329044 330855
330855 334161
334161 337748
337748 340650
340650 344434
344434 349096
349096 352249
352249 355698
355698 358746
358746 363544
363544 365469
365469 368081
368081 370228
370228 372634
372634 375080
375080 377780
377780 382534
382534 384653
384653 387680
387680 392455
392455 397431
397431 401137
401137 403466
403466 405631
405631 408309
408309 410246
410246 414291
414291 417878
417878 420833
420833 423389
423389 425877
425877 430230
430230 435221
435221 439237
439237 442869
442869 445412
445412 447679
447679 451488
451488 455669
455669 458906
458906 461849
461849 463796
463796 468302
468302 471790
471790 476618
476618 480383
480383 484780
484780 489529
489529 493384
493384 495716
495716 498148
498148 501978
501978 505200
505200 506936
506936 511731
511731 515707
515707 520056
520056 523069
523069 525374
525374 529449
529449 533768
533768 537548
537548 541474
541474 544703
544703 549455
549455 553808
553808 558592
558592 563176
563176 568083
568083 569830
569830 574646
574646 577861
577861 580221
580221 584696
584696 589374
589374 592566
592566 594527
594527 598151
598151 600162
600162 604002
604002 607395
607395 612219
612219 616109
616109 620990
620990 623766
623766 627482
627482 630409
630409 633628
633628 636478
636478 639655
639655 644426
644426 647670
647670 650881
650881 654303
654303 656489
656489 660070
660070 662216
662216 665855
665855 670724
670724 672481
672481 676631
676631 678514
678514 680376
680376 685057
685057 688053
688053 689830
689830 694016
694016 696668
696668 698780
698780 701991
701991 706563
706563 711561
711561 714496
714496 717013
717013 720876
720876 723673
723673 726526
726526 728796
728796 732461
732461 736456
736456 739923
739923 743364
743364 748246
748246 751982
751982 755528
755528 759095
759095 763374
763374 765932
765932 769236
769236 771005
771005 773194
773194 775056
775056 779477
779477 782811
782811 785021
785021 787216
787216 790728
790728 793165
793165 796072
796072 799686
799686 801558
801558 804123
804123 806723
806723 810146
810146 812610
812610 817600
817600 820644
820644 822500
822500 827488
827488 831047
831047 833435
833435 838068
838068 841468
841468 846031
846031 847915
847915 850233
850233 855222
855222 858854
858854 862617
862617 865079
865079 868211
868211 871177
871177 874360
874360 876886
876886 879196
879196 881808
881808 884983
884983 889055
889055 891739
891739 894764
894764 897403
897403 901745
901745 906214
906214 908127
908127 912125
912125 916634
916634 921368
921368 924444
924444 927821
927821 932138
932138 936703
936703 939966
939966 942074
942074 946260
946260 950463
950463 954455
954455 957851
957851 961684
961684 966673
966673 970283
970283 974551
974551 978180
978180 980272
980272 984083
984083 987069
987069 991066
991066 995433
995433 998543
998543 1000000
1000000 1000000
1000000 1000000
1000000 1000000
1000000 1000000
