912 1000250
7463 1000124
3856 1000189
2231 1000024
2809 1000078
4736 1000150
9641 1000014
7547 1000143
7190 1000036
3253 1000095
8814 1000079
5185 1000093
1288 1000244
5010 1000164
7285 1000277
6734 1000069
1275 1000181
7102 1000214
8910 1000058
7940 1000188
7744 1000028
2460 1000144
778 1000243
1721 1000297
9440 1000059
2190 1000269
2537 1000070
4182 1000250
3181 1000083
4032 1000044
8177 1000257
1459 1000083
1820 1000147
6550 1000149
159 1000164
7337 1000131
3068 1000189
6017 1000152
3649 1000171
8391 1000200
6678 1000245
2469 1000046
261 1000025
1237 1000061
8135 1000196
7824 1000026
4633 1000120
4553 1000183
3754 1000127
90 1000191
7402 1000056
8998 1000274
2329 1000135
6005 1000033
5550 1000157
9692 1000246
6711 1000215
5005 1000086
6522 1000127
2293 1000187
5581 1000203
4900 1000165
4825 1000193
1908 1000272
2735 1000146
233 1000273
6958 1000092
325 1000198
1229 1000002
2722 1000278
2289 1000223
8258 1000202
6580 1000075
2880 1000019
2896 1000005
7827 1000114
5089 1000275
4227 1000112
2690 1000292
8092 1000056
6617 1000151
1979 1000001
2196 1000171
2491 1000171
3537 1000136
906 1000212
3089 1000006
619 1000184
9291 1000088
5474 1000124
5403 1000280
9510 1000213
4532 1000090
3416 1000250
9382 1000090
8683 1000036
6575 1000100
1172 1000168
6504 1000278
4791 1000148
8966 1000007
7583 1000155
4134 1000148
5477 1000084
2606 1000235
6370 1000184
4166 1000233
2782 1000100
5704 1000071
1507 1000278
425 1000282
8685 1000268
7174 1000151
7456 1000092
6619 1000082
2941 1000002
8841 1000128
4536 1000196
4589 1000136
9911 1000192
7988 1000254
4784 1000174
152 1000258
8800 1000000
6151 1000149
5279 1000288
8309 1000001
9263 1000073
8258 1000114
6428 1000033
4565 1000223
2347 1000223
2808 1000205
664 1000089
4953 1000147
2218 1000034
4630 1000230
1658 1000289
7511 1000169
1334 1000137
8247 1000259
8881 1000155
9018 1000125
2444 1000254
9172 1000055
786 1000029
6263 1000066
1814 1000037
6166 1000003
3568 1000246
8994 1000024
385 1000267
1915 1000277
9904 1000127
1244 1000104
515 1000133
5145 1000008
1662 1000075
9167 1000112
5060 1000262
8996 1000109
6591 1000298
5330 1000086
585 1000054
1043 1000288
1415 1000037
9444 1000193
3545 1000298
9929 1000134
2136 1000173
7402 1000228
9450 1000214
255 1000200
6237 1000246
2269 1000064
5104 1000152
8166 1000240
2674 1000296
7212 1000112
2547 1000143
6548 1000118
8861 1000084
9501 1000021
6281 1000200
8046 1000142
698 1000050
7468 1000217
6381 1000196
1174 1000068
5481 1000049
6677 1000100
4371 1000263
6406 1000151
9346 1000295
6009 1000235
1783 1000080
1769 1000199
9246 1000095
8995 1000198
5722 1000236
4071 1000224
6219 1000294
2588 1000053
4195 1000010
3668 1000019
6300 1000207
7504 1000127
2828 1000114
8077 1000191
8808 1000154
5939 1000278
306 1000097
8899 1000115
8690 1000011
3965 1000264
2965 1000042
4208 1000154
8456 1000013
6451 1000112
7475 1000033
4290 1000045
8694 1000032
6157 1000210
1792 1000216
7800 1000281
2443 1000225
2616 1000098
7380 1000220
6010 1000256
8663 1000143
6462 1000210
3807 1000262
638 1000022
6233 1000265
7513 1000048
4818 1000095
9463 1000104
83 1000149
6400 1000273
6159 1000168
2425 1000192
2032 1000219
7376 1000202
2627 1000222
957 1000058
1856 1000268
3273 1000004
24 1000254
9399 1000010
3995 1000026
4090 1000162
5656 1000061
1618 1000059
3205 1000137
6518 1000203
9784 1000132
3172 1000100
2306 1000208
2758 1000200
4528 1000007
7959 1000127
9590 1000171
4756 1000035
5477 1000225
966 1000208
2847 1000171
1468 1000161
9304 1000105
374 1000238
6923 1000139
608 1000037
4192 1000063
7804 1000203
7395 1000287
7766 1000248
1195 1000170
3785 1000193
4019 1000201
3324 1000210
4936 1000043
709 1000020
5728 1000270
1894 1000239
5520 1000058
1486 1000020
123 1000015
4012 1000295
3273 1000138
8625 1000261
7410 1000149
3591 1000042
1282 1000270
1515 1000206
3711 1000196
6909 1000219
6001 1000071
7508 1000034
8630 1000005
2221 1000152
2884 1000006
